1
7
1
11
7
1
15
1
1
1
1
1
1
1
1
1
1
7
1
1
1
1
1
1
1
1
1
1
9
1
13
1
1
1
1
8
1
1
1
1
1
7
1
1
1
1
1
1
1
1
1
1
1
1
1
1
1
1
1
1
1
1
7
1
1
1
1
1
1
1
1
1
1
7
1
1
1
1
1
7
1
1
1
1
1
1
1
1
1
1
1
1
1
1
1
1
1
1
1
1
1
1
1
1
1
1
1
1
1
1
1
1
1
1
1
1
1
1
1
1
1
7
1
1
1
1
1
7
1
1
1
1
1
1
1
1
1
1
1
1
1
1
1
1
1
1
1
7
1
8
1
1
1
1
1
1
42
1
1
1
14
1
1
1
9
1
1
1
1
1
1
1
684
1
1
1
1
1
1
11
7
1
1
1
1
1
8
1
1
1
1
1
1
1
1
1
8
7
1
1
1
1
1
1
1
8
7
1
7
1
1
1
1
1
1
1
1
8
7
1
1
1
1
1
1
1
1
1
1
1
1
1
1
1
1
1
1
1
19
1
1
1
1
1
1
1
1
1
1
2
1
1
1
1
268
1
1
1
1
1
1
1
1
1
1
1
1
1
1
1
7
9
1
1
1
1
1
1
1
1
1
1
1
12
1
1
1
1
7
1
1
1
1
1
1
11
1
1
1
1
1
1
1
1
1
1
1
1
13
1
17
1
1
1
7
1
1
1
12
1
1
1
9
1
1
1
7
1
1
1
1
1
8
1
1
1
1
1
1
1
1
1
1
1
1
1
1
1
1
1
1
1
1
1
1
1
1
1
1
1
1
1
1
1
1
1
1
1
1
1
7
1
1
1
1
1
1
1
1
1
1
1
1
7
1
1
1
1
1
1
1
1
1
1
22
8
47
1
1
1
1
1
1
1
1
1
1
1
1
1
1
15
1
1
1
1
1
1
1
1
1
1
1
1
1
1
9
12
1
1
1
9
1
7
1
1
1
1
9
1
1
1
1
1
1
1
1
1
1
1
1
1
1
8
21
1
1
1
1
1
1
1
1
1
1
1
1
1
1
1
9
1
1
1
1
1
1
1
1
1
1
1
1
1
1
1
1
1
1
1
1
1
1
1
1
1
8
1
1
1
1
1
1
1
1
1
1
1
1
1
1
1
1
1
1
1
8
1
1
1
1
1
1
1
16
7
1
1
1
1
1
1
1
40
1
1
8
1
7
1
1
1
1
1
1
1
1
1
1
19
1
1
1
1
1
1
1
1
1
1
1
1
1
1
7
1
1
1
1
1
1
1
1
1
1
1
1
1
1
1
1
1
1
1
1
1
17
1
1
1
1
1
1
1
1
1
1
1
1
1
1
1
1
1
1
11
1
1
1
1
1
1
1
1
1
1
1
1
1
1
1
1
1
1
1
1
1
7
1
1
1
1
1
1
1
1
1
1
1
8
1
1
1
1
1
1
1
1
1
1
1
1
1
1
1
1
1
1
1
1
1
7
1
1
1
1
1
1
1
1
1
1
1
1
1
1
1
8
1
1
1
1
1
1
1
1
1
1
7
1
1
1
1
1
1
1
1
1
10
1
1
1
1
1
1
17
1
1
1
1
1
1
1
7
1
1
1
1
56
7
1
1
1
1
10
1
1
1
1
7
1
1
1
1
1
1
1
1
1
1
1
1
1
1
1
1
1
1
1
1
1
1
1
1
1
7
1
1
1
1
1
7
1
1
1
10
1
1
14
1
9
1
1
1
1
1
1
1
1
1
1
1
1
1
1
1
1
1
1
1
1
1
1
1
1
1
1
1
1
1
1
1
1
1
1
1
1
1
1
8
1
1
9
1
1
1
1
1
1
1
1
1
8
1
1
1
1
1
1
1
1
1
1
1
1
1
1
1
1
1
30
1
1
1
1
1
1
1
7
1
1
1
1
185156
1
1
1
1
1
1
1
1
1
1
7
1
1
1
1
8
1
1
1
1
1
1
1
1
1
1
1
1
1
11
1
1
8
1
8
1
1
1
8
1
1
1
1
1
1
1
1
1
1
1
1
1
1
1
1
1
1
1
1
1
1
1
1
1
1
1
7
1
1
1
1
1
1
1
1
1
1
1
1
8
1
1
1
1
1
1
1
1
1
1
1
1
1
1
13
1
1
1
1
1
1
7
1
1
1
1
8
1
1
1
1
1
1
1
1
1
1
1
1
1
49
1
8
1
1
11178
8
1
13
1
1
1
1
1
1
1
1
1
1
1
1
7
1
1
1
1
